SHAURYA HFT ENGINE - LATENCY REPORT
-----------------------------------
Total Messages : 1014
Avg Latency    : 88.3872 us
Max Latency    : 6923.7 us
P99 Latency    : 237 us

--- Raw Data (Microseconds) ---
3.6
5.1
8.3
22.9
23.1
23.1
23.2
23.2
23.3
23.6
23.6
23.6
23.8
23.9
24.1
24.1
24.2
24.3
24.4
24.5
24.5
24.5
24.6
24.7
24.8
24.9
25.1
25.1
25.2
25.2
25.3
25.4
25.5
25.5
25.5
25.6
25.8
25.8
26.1
26.2
26.5
26.5
26.6
27.1
27.3
27.9
28.1
28.3
29.5
29.6
29.8
29.9
30
30.8
31
31
31.4
31.6
32.1
32.6
32.8
32.8
32.9
33.1
33.1
33.2
33.2
33.5
33.8
34
34.1
34.3
34.3
34.4
34.4
34.7
34.9
35
35
35.1
35.1
35.1
35.1
35.5
35.7
35.8
36.1
36.1
36.2
36.2
36.4
36.4
36.4
36.5
36.7
36.8
36.9
37
37.4
37.6
37.7
37.7
37.9
38.1
38.4
38.4
38.5
38.7
38.7
38.8
38.9
38.9
39.2
39.3
39.4
39.6
39.6
39.6
39.7
39.8
39.8
39.8
39.9
40.1
40.4
40.7
40.7
40.8
40.8
41
41
41
41.2
41.2
41.2
41.3
41.3
41.3
41.4
41.6
41.6
41.7
41.9
41.9
42
42
42
42.3
42.3
42.3
42.3
42.4
42.5
42.5
42.5
42.5
42.7
42.7
42.8
42.9
43.2
43.3
43.6
43.6
43.7
43.8
43.8
43.8
43.8
44
44.1
44.1
44.2
44.4
44.4
44.8
45.1
45.1
45.3
45.5
45.6
45.7
45.8
45.9
46
46
46.1
46.2
46.3
46.3
46.4
46.4
46.4
46.6
46.6
46.8
46.8
46.9
47
47.1
47.1
47.2
47.3
47.3
47.3
47.4
47.5
47.6
47.6
47.8
47.9
48
48.1
48.2
48.4
48.5
48.6
48.7
49
49.2
49.3
49.3
50
50
50
50.1
50.1
50.2
50.2
50.2
50.4
50.4
50.5
50.6
50.7
50.7
50.9
50.9
51
51.1
51.2
51.3
51.4
51.4
51.6
51.7
51.7
51.8
51.8
52
52
52.1
52.4
52.4
52.5
52.6
52.8
52.9
52.9
52.9
53
53
53
53.1
53.3
53.3
53.4
53.4
53.4
53.4
53.5
53.6
53.6
53.7
53.7
53.7
53.7
53.8
53.8
53.9
53.9
53.9
53.9
54
54.1
54.2
54.3
54.6
54.6
54.7
54.7
54.8
55
55.1
55.2
55.2
55.2
55.3
55.4
55.4
55.4
55.4
55.6
55.6
55.6
55.6
55.6
55.6
55.7
55.7
55.8
55.8
55.8
55.9
55.9
56.1
56.2
56.4
56.5
56.5
56.8
56.8
56.9
56.9
56.9
56.9
57
57.1
57.1
57.1
57.3
57.3
57.3
57.4
57.5
57.5
57.7
57.7
57.8
57.8
57.8
57.9
58
58
58.1
58.1
58.2
58.3
58.3
58.3
58.4
58.5
58.5
58.5
58.6
58.6
58.6
58.7
58.8
58.8
58.8
58.8
58.8
58.9
58.9
58.9
58.9
58.9
58.9
59.1
59.1
59.1
59.1
59.2
59.3
59.3
59.4
59.4
59.4
59.5
59.5
59.6
59.6
59.7
59.8
59.8
59.9
59.9
59.9
60
60
60
60
60
60.1
60.1
60.1
60.1
60.1
60.2
60.2
60.3
60.3
60.3
60.4
60.4
60.4
60.4
60.6
60.7
60.7
60.8
60.8
60.8
60.9
60.9
60.9
60.9
60.9
61
61.1
61.1
61.2
61.2
61.2
61.3
61.3
61.3
61.4
61.4
61.4
61.5
61.5
61.5
61.6
61.6
61.7
61.8
61.8
61.8
61.8
61.9
61.9
61.9
62
62.1
62.1
62.1
62.2
62.3
62.3
62.3
62.3
62.4
62.4
62.4
62.4
62.5
62.5
62.5
62.6
62.6
62.6
62.7
62.7
62.7
62.8
62.8
62.9
63
63
63.1
63.1
63.2
63.2
63.2
63.3
63.3
63.4
63.4
63.5
63.5
63.5
63.7
63.7
63.7
63.8
63.8
63.8
63.8
63.9
64
64
64.1
64.1
64.2
64.2
64.3
64.4
64.4
64.4
64.4
64.4
64.4
64.5
64.5
64.6
64.6
64.6
64.6
64.6
64.6
64.6
64.6
64.7
64.7
64.7
64.8
64.9
65
65
65.1
65.1
65.2
65.2
65.2
65.3
65.3
65.4
65.5
65.5
65.5
65.6
65.7
65.7
65.7
65.8
65.9
66.1
66.2
66.2
66.3
66.4
66.4
66.4
66.5
66.7
66.7
67
67
67.2
67.4
67.4
67.5
67.7
67.8
68
68
68.1
68.1
68.1
68.2
68.4
68.6
68.6
68.9
69
69.2
69.3
69.6
69.6
69.9
69.9
70
70.1
70.2
70.3
70.3
70.3
70.3
70.4
70.5
70.6
70.7
70.7
70.8
70.9
71.2
71.2
71.2
71.2
71.3
71.4
71.4
71.4
71.6
71.6
71.7
71.7
71.7
71.8
72.4
72.5
72.7
72.7
72.7
72.8
73.2
73.2
73.5
73.7
73.7
74
74
74.1
74.3
74.3
74.7
74.7
74.8
74.8
74.9
74.9
75
75.1
75.5
75.6
75.6
75.6
75.7
76
76.1
76.2
76.4
76.4
76.6
76.6
76.6
76.7
76.8
76.9
76.9
77
77.8
78.1
78.3
78.3
78.7
78.7
78.8
78.9
79.1
79.1
79.2
79.3
79.6
79.6
79.7
79.9
79.9
80
80
80
80.2
80.3
80.4
80.6
80.8
80.8
80.8
80.8
81.1
81.1
81.1
81.2
81.2
81.3
81.3
81.4
81.4
81.5
81.6
81.7
81.9
81.9
82
82.3
82.4
82.4
82.6
82.8
82.9
83.1
83.1
83.1
83.1
83.2
83.3
83.5
83.6
83.6
83.6
83.6
83.7
83.7
83.8
83.8
84.2
84.5
84.6
84.6
84.6
84.8
84.8
85
85
85.2
85.2
85.3
85.3
85.4
85.4
85.5
85.6
85.6
85.7
85.8
85.8
85.9
85.9
86
86
86
86
86.1
86.1
86.2
86.2
86.2
86.3
86.4
86.4
86.4
86.5
86.6
86.7
86.7
86.7
86.7
86.8
86.8
86.8
86.9
87.1
87.1
87.1
87.2
87.3
87.4
87.4
87.5
87.7
87.8
87.9
87.9
88
88
88.2
88.2
88.3
88.3
88.3
88.3
88.4
88.4
88.8
88.9
88.9
89
89
89
89
89.1
89.1
89.2
89.3
89.3
89.3
89.3
89.3
89.5
89.5
89.6
89.7
89.7
89.7
89.7
89.9
90.3
90.3
90.4
90.4
90.5
90.5
90.8
90.8
90.9
91
91.2
91.3
91.4
91.4
91.5
91.5
91.6
91.6
91.6
91.7
92
92.1
92.2
92.2
92.3
92.3
92.5
92.7
92.7
92.7
92.9
92.9
93
93.1
93.2
93.2
93.4
93.7
93.8
93.8
94
94.2
94.5
94.7
94.9
95.1
95.2
95.5
95.5
95.5
95.6
95.8
95.8
95.8
96.1
96.4
96.5
96.5
96.6
96.8
96.9
96.9
97
97.2
97.7
97.7
97.7
97.8
98
98
98.3
98.7
98.9
99
99.2
99.2
99.3
100.3
100.3
100.8
100.9
100.9
101.1
101.2
101.2
101.4
101.4
101.8
102.9
103
103.1
103.1
103.4
105.1
105.8
106.4
107.3
107.8
108
108.3
108.8
109.9
110.1
110.2
111
112
113.8
113.9
113.9
114.5
114.8
115.7
116.7
117.5
118.1
118.1
119.1
119.2
120.5
120.9
121.2
121.5
123.6
123.8
123.9
124.2
124.5
125.3
127
127.4
127.5
128.9
129.1
130.7
133.3
133.6
134.2
135.1
135.7
135.7
135.9
136.1
138
139.5
141
141.4
141.5
141.5
143.3
143.5
143.7
144.6
144.8
146.5
146.6
147
147
147.7
148
148.2
148.3
148.3
149.1
149.9
150.3
151.3
151.4
152.6
153.8
154
154.8
156.2
157.2
157.7
157.7
161.3
161.4
162.3
162.5
163.4
164.2
164.8
165.1
166.3
166.7
168
169.9
170.6
170.8
171.1
171.3
172.3
177.5
187.4
190.5
196.5
203.2
203.5
213
214.2
215.5
217.5
219.7
222.6
223.3
237
241.5
317.7
336.2
353.3
375.6
411.2
417.3
486.1
6882
6923.7
